P6 700 500 255
89
Quadrilateral
250 200
225 200
250 210
225 210
176 196 222
Circle
222 203 10
176 196 222
Circle
225 200 11
0 0 0
Circle
248 203 10
176 196 222
Circle
245 200 11
0 0 0
Quadrilateral
230 180
205 180
230 190
205 190
176 196 222
Circle
202 183 10
176 196 222
Circle
205 180 11
0 0 0
Circle
228 183 10
176 196 222
Circle
225 180 11
0 0 0
Circle
700 0 80
255 255 0
Quadrilateral
170 110
90 110
170 90
90 90
255 255 255
Circle
90 90 20
255 255 255
Circle
130 80 30
255 255 255
Circle
170 90 20
255 255 255
Quadrilateral
530 170
450 170
530 150
450 150
255 255 255
Circle
450 150 20
255 255 255
Circle
490 140 30
255 255 255
Circle
530 150 20
255 255 255
Quadrilateral
390 410
310 410
390 395
310 395
186 186 186
Quadrilateral
352 225
348 225
352 200
348 200
0 0 0
Quadrilateral
365 227
350 227
365 223
350 223
0 0 0
Quadrilateral
265 300
235 300
265 280
235 280
0 0 0
Quadrilateral
465 300
435 300
465 280
435 280
0 0 0
Quadrilateral
140 375
160 375
140 295
160 295
186 186 186
Quadrilateral
540 375
560 375
540 295
560 295
186 186 186
Quadrilateral
215 375
225 375
215 350
225 350
186 186 186
Quadrilateral
215 425
225 425
215 400
225 400
186 186 186
Quadrilateral
215 475
225 475
215 450
225 450
186 186 186
Quadrilateral
245 375
255 375
245 350
255 350
186 186 186
Quadrilateral
245 425
255 425
245 400
255 400
186 186 186
Quadrilateral
245 475
255 475
245 450
255 450
186 186 186
Quadrilateral
275 375
285 375
275 350
285 350
186 186 186
Quadrilateral
275 425
285 425
275 400
285 400
186 186 186
Quadrilateral
275 475
285 475
275 450
285 450
186 186 186
Quadrilateral
415 375
425 375
415 350
425 350
186 186 186
Quadrilateral
415 425
425 425
415 400
425 400
186 186 186
Quadrilateral
415 475
425 475
415 450
425 450
186 186 186
Quadrilateral
445 375
455 375
445 350
455 350
186 186 186
Quadrilateral
445 425
455 425
445 400
455 400
186 186 186
Quadrilateral
445 475
455 475
445 450
455 450
186 186 186
Quadrilateral
475 375
485 375
475 350
485 350
186 186 186
Quadrilateral
475 425
485 425
475 400
485 400
186 186 186
Quadrilateral
475 475
485 475
475 450
485 450
186 186 186
Quadrilateral
105 350
120 350
105 325
120 325
255 255 255
Quadrilateral
105 400
120 400
105 375
120 375
255 255 255
Quadrilateral
105 450
120 450
105 425
120 425
255 255 255
Quadrilateral
180 350
195 350
180 325
195 325
255 255 255
Quadrilateral
180 400
195 400
180 375
195 375
255 255 255
Quadrilateral
180 450
195 450
180 425
195 425
255 255 255
Quadrilateral
580 350
595 350
580 325
595 325
255 255 255
Quadrilateral
580 400
595 400
580 375
595 375
255 255 255
Quadrilateral
580 450
595 450
580 425
595 425
255 255 255
Quadrilateral
505 350
520 350
505 325
520 325
255 255 255
Quadrilateral
505 400
520 400
505 375
520 375
255 255 255
Quadrilateral
505 450
520 450
505 425
520 425
255 255 255
Triangle
150 255
120 285
180 285
255 255 255
Triangle
550 255
520 285
580 285
255 255 255
Quadrilateral
175 500
125 500
175 285
125 285
128 42 42
Quadrilateral
575 500
525 500
575 285
525 285
128 42 42
Quadrilateral
387 500
313 500
387 460
313 460
186 186 186
Quadrilateral
390 500
310 500
390 460
310 460
255 255 255
Circle
350 461 38
186 186 186
Circle
350 461 41
255 255 255
Quadrilateral
410 300
290 300
400 280
300 280
255 255 255
Quadrilateral
400 320
300 320
400 300
300 300
186 186 186
Quadrilateral
400 415
300 415
400 375
300 375
163 0 0
Circle
350 375 40
255 255 255
Triangle
450 230
420 265
480 265
0 0 0
Triangle
250 230
220 265
280 265
0 0 0
Circle
325 130 10
255 255 255
Circle
350 130 10
255 255 255
Circle
375 130 10
255 255 255
Circle
350 230 30
255 255 255
Quadrilateral
385 195
315 195
385 265
315 265
139 26 26
Quadrilateral
390 190
310 190
390 270
310 270
255 255 255
Quadrilateral
400 180
300 180
400 165
300 165
255 255 255
Quadrilateral
400 160
300 160
400 145
300 145
255 255 255
Quadrilateral
275 300
225 300
275 260
225 260
255 255 255
Quadrilateral
475 300
425 300
475 260
425 260
255 255 255
Quadrilateral
400 500
300 500
400 100
300 100
163 0 0
Triangle
350 50
410 100
290 100
0 0 0
Quadrilateral
200 500
100 500
200 300
100 300
163 0 0
Quadrilateral
600 500
500 500
600 300
500 300
163 0 0
Quadrilateral
600 500
100 500
600 320
100 320
128 42 42
Triangle
150 250
90 300
210 300
0 0 0
Triangle
550 250
490 300
610 300
0 0 0
Quadrilateral
500 320
200 320
500 300
200 300
0 0 0
Quadrilateral
500 300
200 300
545 260
155 260
128 42 42
Background
176 196 222